23710
23606
8648
20961
27314
47970
29214
12538
8148
48033
20142
33574
48723
12541
23054
17735
6875
10960
5162
4107
3450
13
8310
10605
21299
30930
3133
12706
19744
48279
26503
22575
26611
13796
9868
15679
2559
39967
20067
17288
17233
43028
14372
36496
48221
6729
37570
40936
39011
42941
31002
45809
31194
48242
5200
12907
22845
672
30138
10758
16161
2795
11718
38259
34168
47459
26814
36902
34795
29906
2876
28914
13067
714
2474
33462
44216
24311
34209
21272
18965
22481
13537
42168
26681
4732
48799
18762
47464
42523
6048
48494
25777
49134
41324
27861
384
39036
44742
9975
24419
11225
29189
29758
47661
38639
5788
41139
27074
28782
38004
25893
19572
19773
627
22163
37495
29672
18683
24354
35670
27714
49763
32289
3311
16487
21683
3293
6240
12031
32976
22662
44397
8037
17755
27211
37319
33831
7444
29034
3072
3590
10958
43415
9347
6094
38343
5693
48331
9465
19552
3292
38764
7290
43762
40670
20428
28334
11859
45927
36696
15423
49950
20273
3379
34547
4509
49820
1756
44307
12861
39872
27343
44162
17820
25063
21404
26350
45535
4856
39123
46726
36747
12175
22427
12438
17961
5951
26428
33442
17345
2339
43613
22076
37924
13766
29638
5098
7515
27938
44472
20747
39514
14775
21208
13731
41197
33900
18587
11288
45305
7630
44764
36330
11994
20975
20841
6527
42691
42362
8129
25021
40879
41873
2205
47419
26673
19186
41215
26558
32912
20319
28456
24092
27872
293
14717
24317
42294
42312
9795
15964
7716
29935
44605
3976
10880
17967
39945
18956
31661
13039
29752
17193
15734
13690
29617
8010
21439
34169
49043
28633
29430
30409
6102
1652
45951
26847
41509
37854
42889
21018
832
21479
24355
7148
4952
5057
2740
22943
49611
855
4816
39068
37874
7067
28711
31537
34376
49793
41315
3756
37604
9162
33034
8608
8847
33500
43805
39833
45576
17431
24721
3055
49759
14729
44495
115
8146
11407
22039
43624
14865
14010
48069
34928
26587
46691
48111
36353
27656
14420
21834
6569
38557
27149
16168
17370
6241
13125
23969
30504
47741
10947
47075
2709
7474
21227
37398
48455
26559
3812
9690
42608
19291
17808
46739
23830
48212
23221
42306
28858
12075
27119
25695
14383
45406
12053
2881
11200
34608
38142
35572
25068
26705
20986
9276
30571
40332
25974
44701
25032
40654
8500
21702
49607
20021
47353
34555
16166
20361
11323
38728
49446
5967
21192
17434
26874
19871
49449
21657
10163
32423
3050
13088
33440
29433
4883
7740
43069
19855
34835
40704
29464
38609
13330
33837
36276
4333
46432
26697
20708
30766
34057
6639
47836
10615
6499
2077
27411
33996
44853
49525
23381
29579
28558
26437
753
21348
31701
27539
5623
47895
47819
4585
18336
19172
24442
11226
13905
33616
34317
42246
35284
42389
34075
9238
1078
30844
30554
49032
23745
8103
31260
1468
37505
12715
11240
44414
11935
6085
10413
36646
3828
36375
5968
5944
37946
29851
34015
34227
47809
18012
26680
40748
45211
25409
32641
19797
13376
44466
27317
41380
1673
23465
45283
20385
9289
15616
45404
42454
22532
3240
15923
27700
44942
17919
28808
23069
10178
24916
10776
10946
3291
15275
46968
37976
26207
24565
37407
31209
34701
1825
19210
44608
31671
3882
23538
36035
49194
20684
26735
43577
21154
48430
10545
22776
24105
30215
15337
33103
37396
18421
35211
48049
47576
18235
49840
31798
10419
24796
29119
513
7184
16024
1082
15204
35774
34711
44173
8836
4746
2342
36409
19219
41365
11108
16227
32375
24037
44927
38003
19334
2878
8689
14651
42142
4026
10081
21915
21675
27572
40803
11128
36750
37515
8444
38255
49104
45071
32868
14909
10167
48986
23022
43002
7681
6218
17750
19228
15392
1854
26452
18646
8603
17498
1290
6795
5733
48836
38128
17390
39687
8062
30791
28691
19160
15181
42219
35504
24751
6083
25087
37428
38046
19213
38056
9719
31082
14004
38931
23535
16145
13402
43715
35432
13757
12947
31700
11300
37705
46741
6365
46289
731
36534
44846
42529
4813
11092
20099
7804
43293
16036
40286
27312
18071
38052
2318
23488
40728
28466
12680
27296
48713
26390
5875
43086
4559
23415
3419
17823
32536
34900
6494
47596
36682
19936
3102
11375
41577
4005
18374
45744
29865
21676
25859
49861
22110
4341
25163
37209
35486
45268
46108
5239
24895
9409
7788
29591
5118
20279
12803
47581
33190
49635
29225
48068
38001
28032
38888
36470
35283
38975
31343
6481
35894
27213
32464
10805
27441
48984
20200
30419
1627
32721
7117
8726
41278
10473
26043
29655
3639
17292
14235
32450
6133
17054
28478
47034
40931
29549
13864
33501
7059
41566
26358
27766
3135
24990
19079
41392
40055
27177
47212
6522
17131
49915
27363
28601
42287
37164
43926
23285
19999
5171
37347
4378
19025
16325
14711
38436
32012
41014
36729
30995
2191
15161
30777
36927
3282
9131
45528
3466
20931
17070
18661
33200
47131
22565
33929
29746
20741
3312
14831
3783
22034
49551
45575
26245
16158
42163
136
24571
0
46078
33724
25676
8684
19695
44214
46567
23287
30275
857
23275
22294
28425
49207
7095
7311
20235
79
26443
16921
8838
26801
2721
7392
49598
24911
46492
38245
42668
15122
21641
20990
47113
15151
46976
38927
2380
24297
10326
42963
42815
49056
33725
32514
5793
49746
24713
17736
2905
7951
48620
5346
30807
22152
14824
24524
37530
41658
46862
17788
4448
45155
30200
1133
36509
39026
27288
37136
17761
13844
49674
45111
47770
40209
43416
28294
45641
42532
42564
18705
2645
5048
2009
22653
6165
37861
42777
1775
43468
26217
33151
49154
26055
8886
12708
16581
37118
6658
39898
16684
23001
25549
13359
34684
24784
184
25692
20238
45674
5737
17830
31749
22063
32675
3957
27133
33944
41511
7260
35945
40525
30629
28484
15747
33646
5153
19260
18914
18792
28944
19610
28024
46088
23880
44570
46306
23662
15765
36794
24572
33690
38154
21186
29932
47633
28231
26539
29673
39218
17969
11231
49156
14955
34077
35083
28926
40827
22752
15946
11405
261
31942
48781
19013
43614
33484
42746
5953
40567
41439
44077
33592
41420
22491
10350
32360
10490
25270
30126
8353
31416
7570
19444
16246
21020
6537
32453
2628
38726
10866
34278
37089
24444
6636
46238
24452
49484
39663
2549
42314
48551
36274
44014
27385
41008
13164
46781
5848
10193
3780
5500
34753
18799
21131
8875
14923
47745
9397
9679
31577
45231
29815
36607
30867
25937
4289
8181
35635
47694
13679
21362
14863
16395
39532
37403
25304
19499
31259
41320
42230
2951
18800
41145
44965
13630
41659
213
29482
29295
47599
9617
36337
14990
35302
9761
29110
21443
35871
39816
5143
20003
35818
14022
21079
44962
49103
36969
33214
5898
24339
36895
27481
48080
10111
35623
11734
38745
41326
31799
21963
11509
44562
47729
25280
9144
47071
11044
37
28728
17523
721
32208
34079
15738
47019
11991
31064
39884
47755
16005
5149
10138
8868
19806
47788
41361
24944
35423
1591
14583
1685
27142
24310
37059
44695
10912
37321
19926
18189
11768
15623
15682
2780
6663
3265
16737
47893
7572
3273
48451
35990
17429
27912
19503
31865
3019
48803
36727
8470
15047
20111
23364
49865
37039
47449
7094
17337
33414
3516
16608
36193
32179
759
20590
44253
12882
41155
17474
11290
15309
45246
23631
30858
43814
34331
45503
23943
29818
34201
17490
43560
21629
38210
9066
36786
18518
16129
22359
31587
40306
19048
44093
48528
30217
32714
533
46252
33111
35446
3056
21593
15331
2763
40925
34344
3005
36459
39254
23030
929
158
21858
45376
26569
21383
29496
5920
23937
5227
23510
41770
38317
47556
21175
20304
49801
36306
17703
23653
14266
9675
38384
39371
20603
8200
20853
38021
1345
17506
18264
7553
17468
39322
1204
23143
48832
47220
35244
40735
25800
49805
16987
2936
36004
7955
48456
33670
16316
40885
1156
17873
25575
38856
39462
44698
7330
35023
30323
33511
3137
35336
39397
34985
15956
4004
30934
15549
43661
10484
49304
38772
47803
39621
18927
11342
23467
20800
18158
17864
49546
19881
22539
35946
2687
29875
1941
593
32982
5203
22654
8590
35723
43205
21204
2150
18989
27797
30899
2019
11148
22669
484
10568
14790
16396
3260
20606
33657
45026
41523
23726
33177
12340
24779
49457
11957
36460
6080
9247
28579
36189
5906
24837
49643
11217
37004
2361
42530
37913
26307
42826
45319
35140
7265
26510
20528
23687
34221
893
47572
20537
11237
9329
6679
37237
12431
11141
27740
20790
14454
46391
42288
24406
5141
6204
29255
32954
24386
12238
11211
43213
38515
5096
10986
42273
46474
40815
35100
5804
62
15000
36363
20658
24200
2944
4104
45957
25199
43849
36073
28376
23018
27231
49412
30902
6866
19587
41191
98
35526
48583
36822
46709
17336
26202
7892
4866
2044
43355
38265
38428
38882
11293
49418
3759
39339
14181
48418
30344
9568
31881
33329
30299
26589
20353
4600
43407
12001
24174
36380
2653
44487
38171
13215
10007
19475
41388
279
3585
26682
45066
3549
13825
12264
48464
12192
22120
28164
12983
20691
24696
13730
30361
42337
1120
45486
19454
18240
15642
4569
7162
45342
39810
1569
13117
3281
49947
17063
28442
25593
22315
37328
43249
12495
24955
21723
21077
13249
33921
37376
24307
44543
13581
4643
5535
40574
43909
42981
41890
29693
36984
1603
24225
25798
47517
29297
6148
12770
47606
14893
38707
2810
41476
44985
31794
33314
3306
48689
20132
13167
14380
45027
26315
7278
32268
40171
3960
9149
34886
23797
26834
13437
26435
38530
9283
5929
15146
34679
13824
7159
26635
44781
17741
40848
10590
39813
42450
21002
21515
14012
3225
8550
34124
20746
47230
35204
49393
44547
44321
30785
9087
45070
29542
24136
12036
745
40075
17079
20313
38840
37815
3685
25194
46109
7434
37968
573
34
44210
20379
9859
12850
10695
10003
43952
31113
43291
35447
454
49433
34621
42779
44872
23409
24754
1639
9480
15361
13107
4300
41929
21620
31071
17922
10344
24943
15473
43115
19889
16344
33621
41563
21940
16251
8851
3752
24319
17851
43533
41385
46005
21312
29151
33629
4589
10428
447
22510
4613
29157
13013
13358
29401
49106
39578
22867
10370
1611
768
40615
26120
13360
17340
48094
13021
6841
37872
25246
24508
25030
17198
7754
38930
33062
20762
45191
24449
44693
6238
34897
15109
49894
48077
20004
49205
45570
24553
24961
44913
28934
2284
12398
13987
17327
26049
36819
40651
23860
38491
35520
29716
5539
48383
1151
39629
43091
32298
37957
49976
39903
284
28276
46979
24842
36909
30909
11594
44292
23531
38289
29107
46112
29520
31725
5856
12865
18491
45800
16030
20032
5156
2926
12196
36069
1803
18436
17745
16236
44720
27052
35251
45998
29689
38738
7733
16481
3520
15732
35252
29859
18750
42584
6450
29471
30339
5281
6020
27394
3714
4705
33099
22753
28176
44616
2922
3373
5487
8043
9412
38044
25802
25939
3683
8921
22212
2199
24872
47492
22348
12346
37964
38287
28795
13566
30125
5399
27500
39548
46300
23648
142
10944
26594
44683
13200
16311
12236
13255
13424
23592
30774
33256
36519
15968
15380
4006
10345
27850
15242
34531
17609
22937
14597
25295
17778
5792
9042
18630
23212
45967
41114
12894
19909
11839
30960
39982
26362
13214
15347
1232
45389
14057
37710
44702
43420
43671
41224
5473
25291
36255
9960
32545
41006
17026
31256
25537
35607
21375
15577
15508
14811
16525
21827
29531
49342
16909
27907
42190
37361
13248
14774
48449
6973
34242
9196
1343
37603
34781
1149
5574
30519
3898
27364
7135
7344
31376
10353
42259
9947
13866
29940
47271
36055
42880
24004
33907
39701
19441
46749
39993
41678
33411
41538
42930
43798
9485
43282
46985
11285
15996
46669
7488
36584
48038
1302
16047
15020
43792
16375
23161
23213
18638
10593
43979
14489
15720
37342
7106
46350
39248
10226
29817
28644
39924
30187
37413
48311
6535
44548
37758
43235
4595
43907
35295
504
6755
17147
38807
25450
6884
2091
48137
48267
16272
31409
26137
8472
47832
48672
45746
41133
45917
22021
35808
29519
21264
11249
49234
1518
35755
45138
31884
6417
18623
28535
18513
48891
22192
49737
39798
45843
44802
10499
40300
30457
37375
4666
11132
3999
12822
27223
8070
29544
2460
46223
4242
45900
1824
15189
39744
19981
19196
41513
3835
40293
1211
17949
20531
47179
39133
49666
43344
27578
6710
46991
9595
29960
39857
38121
7831
29833
14096
34134
45460
23544
20608
44290
30608
11424
9493
42236
4503
3641
42195
16281
23681
35352
43484
10043
3658
48255
33903
29495
23355
14968
15238
26227
38307
20411
30491
49799
24096
24514
19657
47042
263
48045
19873
17394
9524
43551
8379
10496
16747
26160
25462
26318
18519
39217
2012
7880
40073
48564
7501
12655
45788
27794
43236
19250
41590
23521
18042
1866
19104
44386
23328
33160
32515
45950
18026
41784
26387
48669
12523
22077
44944
4387
40141
33283
32964
27279
23584
237
33582
30691
24506
34109
4428
22242
46663
19573
35396
42192
4876
39477
44154
4155
337
36455
49090
198
7735
11273
11338
3367
42655
22514
36030
16423
7489
15755
33024
20386
22596
9364
22540
29844
20275
12242
47216
16849
37513
13871
48695
31979
15934
20274
26085
42325
30586
16335
6287
9725
45480
7271
27622
22625
43341
22887
8904
35943
32785
4360
4285
47331
15698
22895
20620
48120
44385
48507
29721
45290
47110
49620
24786
18952
43070
43452
36892
2972
1932
30212
33705
23758
14381
3185
16029
41612
25296
165
16523
17218
36974
16974
32858
5901
3120
12570
38618
6911
19667
26780
33492
3443
49870
17544
15683
18369
6128
47955
18993
39107
16403
31356
13613
25786
478
14753
46904
35433
28454
34416
15085
37296
13010
33297
44595
9888
48599
2895
10263
3707
49783
21602
2849
29666
30077
34639
33981
19941
9733
17155
45961
950
7872
6327
1217
38325
49899
34049
9767
14828
19215
6191
4225
10234
35708
45310
15132
20314
39709
12590
34873
22904
40847
25509
11887
29328
13141
45910
36940
5447
24952
24787
6455
39099
6701
21078
5940
31665
30110
45395
14895
8215
32455
46410
16372
30430
39037
5649
15510
11272
44186
47715
49493
19387
19597
26317
16329
48392
34647
7305
11918
9324
42349
30030
12840
45365
12368
39417
16702
43620
16427
23110
2616
6137
1463
26304
33684
45640
5438
31063
23126
18961
38072
20332
26087
48635
23451
47302
19296
21607
28580
8325
22143
1637
18991
8890
16853
6209
29425
2446
33295
19034
5189
12514
49002
30719
9250
2568
21498
32760
43036
44074
16044
16833
30179
24840
8673
4710
10256
39272
27681
22993
18710
25665
22649
19023
49634
47856
16956
16638
318
36993
47785
12893
5261
41825
35959
5101
32182
40887
17758
38159
48887
415
45262
33112
41335
13963
13929
29633
45560
831
7889
5936
40002
26823
18802
3353
44194
42998
6869
16635
17613
29278
30020
47225
43077
34016
41584
5719
23197
13485
5770
46847
15815
27787
43125
28741
28367
25508
45435
30478
28949
33404
23146
36535
29970
47972
39243
7258
14058
45695
21368
26408
38283
42074
39253
43766
1370
15225
17118
3165
32213
31076
37699
7636
4980
32314
23784
35195
36877
21464
41815
40184
24338
24883
17328
44848
21721
10028
14100
12492
49277
16814
8183
38750
17473
32691
3787
42701
14217
15409
30475
19313
15094
9236
44623
29949
9466
34496
12391
48058
23472
37677
15652
15462
42502
17747
32718
38906
42511
27330
33419
34837
1470
48071
15230
49016
24460
8454
42535
21306
12308
13168
40361
45847
23261
5475
17597
32817
40510
28626
44905
33604
40265
7456
10834
3183
24456
47689
5106
24581
26183
7798
33688
29977
34175
23205
14150
40159
34527
12190
22542
39777
27479
40025
12596
48072
36979
27515
32032
25815
44361
6993
39172
12515
48841
26982
41753
48440
18667
28236
47367
22384
17575
21661
22705
42004
6955
49941
37033
48000
14843
47474
10170
1830
10609
19118
43595
36896
23111
42606
353
11337
39599
10331
45591
37907
4037
23579
4306
20441
44311
19286
1426
41685
44149
9629
32389
9553
23816
27586
43946
2850
3484
31685
46815
2
30681
37077
14795
21679
18287
35154
19920
22718
8485
1719
42439
3077
19307
34403
29667
46711
24988
43119
1218
37657
19540
48736
11946
33104
40864
1396
7998
34799
26001
3854
27426
10710
35577
32864
46114
38420
26241
29994
31368
21087
37928
1032
6252
11332
481
35459
23436
20597
29798
25570
2852
39183
49187
13332
21889
5925
18157
42544
24366
17738
40170
16035
17074
49329
25610
12709
16692
37091
19021
585
31059
29305
43371
28305
35162
4367
15808
39285
43948
15605
35030
47013
4499
42345
207
42383
34072
30395
40950
3089
15426
29654
25475
47761
47792
23345
49826
38286
16600
16484
15794
29091
42191
24221
25618
41806
13348
24531
42316
13745
19396
34630
6735
1376
5168
3961
46605
11589
11502
36310
31967
28230
15926
35288
10314
27448
31206
38547
25117
864
14506
4051
13717
11322
9476
44539
29058
9156
23429
35731
15214
5253
48534
25426
25023
2271
10685
33431
17464
2711
48923
34126
2734
21566
45988
22546
8710
8845
37406
15452
13372
16074
8391
44615
28007
25948
1350
16664
47392
47381
13052
37892
46218
26360
39905
48543
36757
2325
13600
19935
46253
29686
36865
11923
21849
5874
11736
15861
36676
36050
19450
5133
28199
21962
29028
9464
47874
37895
11397
16934
6430
37756
41823
36901
5556
22584
18730
34707
22302
19080
835
22234
3021
34359
13373
5097
31693
701
20258
23181
31982
30990
10373
677
15777
25062
31011
23840
11673
18635
15352
42026
28667
43080
22387
31891
30604
28272
27829
5960
17179
14778
25459
8489
49533
12497
3831
43326
38269
9779
22871
19327
3231
33204
24309
30445
31989
27917
11386
10488
4558
13325
39921
9113
45502
7490
7286
34466
22436
24730
22226
34735
19614
42140
31379
23209
7088
11823
45749
5137
6932
28177
31614
14830
10569
21458
44374
15483
17068
9985
20815
48160
34657
15340
39753
37922
31546
16225
9747
40576
5997
7966
48731
40130
20434
23037
42210
40277
8781
17696
2755
29290
26499
25966
42788
28216
6732
36070
46826
7138
22262
42118
22630
9664
13522
46240
12450
35181
31258
46207
37041
3815
25487
31616
34885
44700
28595
49477
14193
16889
18494
17283
28503
23842
47079
41017
39510
25271
26489
21112
2777
48814
8870
11562
36721
25804
8954
10533
37181
25362
22831
21092
47680
12525
47847
20757
28656
4032
36251
26302
41931
32784
37132
2016
8683
5817
7177
11851
7221
41350
14949
33443
35769
41635
2433
49202
36083
1063
15584
49087
40441
31809
13034
4133
47084
21843
35478
23768
14622
18284
27718
22985
18371
4139
28017
36386
9906
21325
4992
5858
2585
36191
3145
41443
13293
6872
17091
41955
31643
13696
14719
8616
5931
14300
41837
30282
2870
19747
49105
5648
9045
36955
43549
38435
18759
48825
4915
20213
42165
12044
15123
2310
23596
11963
12627
24345
17996
33505
24348
45667
32713
24535
39534
18921
